12:15:42,22.1000003815,54.9000015259,20.85
12:15:47,22.1000003815,55.0,20.85
12:15:52,22.1000003815,55.0,20.85
12:15:57,22.1000003815,54.7000007629,20.85
12:16:02,22.1000003815,54.5999984741,20.85
12:16:08,22.1000003815,54.5,20.85
12:16:13,22.1000003815,54.5,20.85
12:16:19,22.1000003815,54.0999984741,20.85
12:16:25,22.1000003815,54.0999984741,20.85
12:16:30,22.1000003815,53.7999992371,20.85
12:16:35,22.1000003815,53.7000007629,19.85
12:16:42,22.0,53.4000015259,20.85
12:16:47,22.0,53.2000007629,19.85
12:16:55,22.0,53.0,20.85
12:17:01,22.0,52.7999992371,20.85
12:17:07,22.0,52.7000007629,20.85
12:17:12,21.8999996185,52.4000015259,20.85
12:17:20,21.8999996185,52.2000007629,20.85
12:17:25,21.7999992371,51.9000015259,19.85
12:17:30,21.7999992371,51.9000015259,19.85
12:17:36,21.7999992371,51.7000007629,19.85
12:17:41,21.7000007629,51.5999984741,19.85
12:17:46,21.7000007629,51.4000015259,19.85
12:17:52,21.6000003815,51.2000007629,19.85
12:17:57,21.6000003815,51.0999984741,19.85
12:18:04,21.5,50.7999992371,19.85
12:18:10,21.3999996185,50.5,19.85
12:18:16,21.3999996185,50.4000015259,19.85
12:18:21,21.3999996185,50.2999992371,19.85
12:18:26,21.2999992371,50.0999984741,18.85
12:18:31,21.2999992371,50.0,18.85
12:18:37,21.2000007629,49.7999992371,19.85
12:18:45,21.2000007629,49.5999984741,18.85
12:18:52,21.0,49.2000007629,18.85
12:18:59,20.8999996185,49.0,18.85
12:19:04,20.8999996185,49.0,18.85
12:19:10,20.7999992371,48.7000007629,18.85
12:19:19,20.7000007629,48.4000015259,18.85
12:19:24,20.7000007629,48.2999992371,18.85
12:19:30,20.6000003815,48.0,18.85
12:19:40,20.6000003815,47.7999992371,18.85
12:19:46,20.3999996185,47.5,18.85
12:19:51,20.3999996185,47.5,17.85
12:19:56,20.2999992371,47.0999984741,17.85
12:20:03,20.2999992371,47.0,17.85
12:20:08,20.2999992371,47.0,17.85
12:20:15,20.1000003815,46.5999984741,17.85
12:20:21,20.1000003815,46.9000015259,17.85
12:20:29,20.0,46.4000015259,17.85
12:20:35,20.0,46.2000007629,17.85
12:20:40,20.0,46.2000007629,17.85
12:20:45,20.0,46.2000007629,16.85
12:20:51,19.7999992371,45.7000007629,16.85
12:20:56,19.7999992371,45.7000007629,16.85
12:21:01,19.7000007629,45.5,17.85
12:21:07,19.6000003815,45.2999992371,16.85
12:21:12,19.6000003815,45.2999992371,16.85
12:21:17,19.5,45.0999984741,16.85
12:21:22,19.5,45.0999984741,16.85
12:21:27,19.5,45.0999984741,16.85
12:21:35,19.2000007629,44.7999992371,16.85
12:21:40,19.2000007629,44.7999992371,16.85
12:21:48,19.2000007629,44.7000007629,16.85
12:21:54,19.1000003815,44.5999984741,16.85
12:22:02,19.0,44.2999992371,16.85
12:22:08,18.8999996185,44.2999992371,15.85
12:22:13,18.7999992371,44.2000007629,15.85
12:22:18,18.7000007629,44.2000007629,15.85
12:22:24,18.7000007629,44.2000007629,15.85
12:22:29,18.6000003815,44.0999984741,15.85
12:22:36,18.5,44.0,15.85
12:22:41,18.5,44.0,15.85
12:22:50,18.3999996185,44.0,15.85
12:22:55,18.3999996185,44.0,15.85
12:23:01,18.2000007629,43.7000007629,15.85
12:23:07,18.2000007629,43.7999992371,14.85
12:23:13,18.1000003815,43.7000007629,15.85
12:23:18,18.1000003815,43.7000007629,15.85
12:23:23,18.0,43.5,14.85
12:23:29,17.8999996185,43.4000015259,14.85
12:23:34,17.8999996185,43.4000015259,14.85
12:23:39,17.8999996185,43.4000015259,14.85
12:23:49,17.7999992371,43.2999992371,14.85
12:23:54,17.7000007629,43.0999984741,14.85
12:23:59,17.6000003815,43.2000007629,14.85
12:24:05,17.6000003815,43.2999992371,14.85
12:24:10,17.6000003815,43.2999992371,14.85
12:24:17,17.5,43.2000007629,14.85
12:24:22,17.5,43.2000007629,13.85
12:24:27,17.5,43.2000007629,13.85
12:24:32,17.5,43.2000007629,13.85
12:24:37,17.5,43.2000007629,13.85
12:24:42,17.2000007629,43.0999984741,13.85
12:24:48,17.1000003815,42.9000015259,14.85
12:24:56,17.0,42.7999992371,13.85
12:25:01,17.0,17.2000007629,13.85
12:25:07,17.0,42.7999992371,13.85
12:25:13,16.7999992371,42.9000015259,13.85
12:25:19,16.7999992371,42.7999992371,13.85
12:25:27,16.7000007629,42.7999992371,13.85
12:25:33,16.6000003815,42.7000007629,13.85
12:25:38,16.6000003815,42.7000007629,13.85
12:25:46,16.5,42.5,13.85
12:25:52,16.3999996185,42.5,12.85
12:25:57,16.3999996185,42.5999984741,12.85
12:26:04,16.2999992371,42.5,12.85
12:26:10,16.2999992371,42.5,12.85
12:26:15,16.2000007629,42.4000015259,12.85
12:26:20,16.2000007629,42.5,12.85
12:26:26,16.2000007629,42.5,12.85
12:26:35,16.0,42.5,12.85
12:26:45,15.8999996185,42.5,12.85
12:26:54,15.8999996185,42.5,11.85
12:27:01,15.6999998093,42.4000015259,12.85
12:27:06,15.6999998093,42.4000015259,12.85
12:27:12,15.6999998093,42.4000015259,12.85
12:27:17,15.6999998093,42.4000015259,11.85
12:27:26,15.5,42.2000007629,11.85
12:27:31,15.5,42.2000007629,12.85
12:27:41,15.3999996185,42.0999984741,11.85
12:27:46,15.3999996185,42.0999984741,11.85
12:27:52,15.3000001907,42.2999992371,11.85
12:27:57,15.1999998093,42.2000007629,11.85
12:28:02,15.1999998093,42.2000007629,11.85
12:28:08,15.1000003815,42.0999984741,11.85
12:28:13,15.0,42.0999984741,11.85
12:28:19,15.0,42.2000007629,11.85
12:28:25,14.8999996185,42.0999984741,11.85
12:28:35,14.8000001907,42.0,11.85
12:28:41,14.6999998093,42.0,11.85
12:28:46,14.6999998093,42.0999984741,10.85
12:28:52,14.6999998093,42.0999984741,10.85
12:28:58,14.6000003815,42.0,10.85
12:29:03,14.5,42.0999984741,10.85
12:29:08,14.5,42.2000007629,10.85
12:29:13,14.5,42.2000007629,10.85
12:29:19,14.3000001907,42.2999992371,10.85
12:29:24,14.3000001907,42.4000015259,10.85
12:29:29,14.1999998093,42.2999992371,10.85
12:29:34,14.1000003815,42.4000015259,10.85
12:29:39,14.0,42.2999992371,10.85
12:29:45,14.0,42.4000015259,10.85
12:29:52,13.8999996185,42.4000015259,10.85
12:29:58,13.8999996185,42.4000015259,10.85
12:30:08,13.8000001907,42.5,10.85
12:30:13,13.6999998093,42.2999992371,9.85
12:30:19,13.6999998093,42.4000015259,9.85
12:30:24,13.6999998093,42.5,9.85
12:30:29,13.6000003815,42.2999992371,9.85
12:30:34,13.6000003815,42.4000015259,9.85
12:30:43,13.5,42.2999992371,10.85
12:30:49,13.5,42.2999992371,9.85
12:30:54,13.3999996185,42.2999992371,9.85
12:31:02,13.3000001907,42.2999992371,9.85
12:31:07,13.3000001907,42.2999992371,9.85
12:31:13,13.3000001907,42.4000015259,9.85
12:31:18,13.3000001907,42.4000015259,9.85
12:31:23,13.3000001907,42.4000015259,9.85
12:31:28,13.1000003815,42.5,9.85
12:31:34,13.1000003815,42.5999984741,9.85
12:31:40,13.0,42.5,9.85
12:31:45,13.0,42.5999984741,9.85
12:31:50,12.8999996185,42.5,8.85
12:31:57,12.8000001907,42.5,9.85
12:32:04,12.6999998093,42.4000015259,9.85
12:32:10,12.6999998093,42.5,8.85
12:32:16,12.6999998093,42.5,9.85
12:32:21,12.6999998093,42.5,8.85
12:32:27,12.6000003815,42.4000015259,8.85
12:32:33,12.6000003815,42.5,8.85
12:32:38,12.6000003815,42.5,8.85
12:32:43,12.5,42.5,8.85
12:32:49,12.3999996185,42.5,8.85
12:32:54,12.3999996185,42.5999984741,8.85
12:32:59,12.3000001907,42.5,8.85
12:33:06,12.1999998093,42.5999984741,8.85
12:33:11,12.1999998093,42.5999984741,8.85
12:33:17,12.1999998093,42.5999984741,8.85
12:33:22,12.1999998093,42.5999984741,8.85
12:33:27,12.1999998093,42.5999984741,7.85
12:33:33,12.1999998093,42.5999984741,8.85
12:33:38,11.8999996185,42.5999984741,8.85
12:33:44,11.8999996185,42.7000007629,8.85
12:33:50,11.8000001907,42.7999992371,8.85
12:34:01,11.8000001907,42.9000015259,8.85
12:34:07,11.6999998093,42.7999992371,8.85
12:34:13,11.6999998093,42.7999992371,7.85
12:34:18,11.6999998093,42.7999992371,7.85
12:34:24,11.6000003815,42.7999992371,8.85
12:34:32,11.6000003815,42.7000007629,7.85
12:34:37,11.6000003815,42.7000007629,7.85
12:34:42,11.5,42.5,7.85
12:34:47,11.5,42.5999984741,7.85
12:34:53,11.3999996185,42.5999984741,7.85
12:34:58,11.3999996185,42.5999984741,6.85
12:35:03,11.3000001907,42.5999984741,7.85
12:35:09,11.3000001907,42.7000007629,7.85
12:35:14,11.3000001907,42.7000007629,7.85
12:35:19,11.3000001907,42.7000007629,7.85
12:35:25,11.1999998093,42.7999992371,7.85
12:35:30,11.1000003815,42.7000007629,7.85
12:35:37,11.0,42.7999992371,7.85
12:35:48,10.8999996185,42.7000007629,7.85
12:35:57,10.8999996185,42.7999992371,6.85
12:36:03,10.8000001907,42.9000015259,7.85
12:36:08,10.8000001907,42.9000015259,6.85
12:36:13,10.6999998093,42.9000015259,6.85
12:36:18,10.6999998093,42.9000015259,6.85
12:36:23,10.6000003815,43.0999984741,6.85
12:36:29,10.6000003815,43.0999984741,6.85
12:36:34,10.5,43.2000007629,6.85
12:36:39,10.3999996185,43.2000007629,6.85
12:36:45,10.3999996185,43.2999992371,6.85
12:36:51,10.3999996185,43.2999992371,6.85
12:36:56,10.3000001907,43.2999992371,6.85
12:37:01,10.3000001907,43.2000007629,6.85
12:37:12,10.1999998093,43.2999992371,6.85
12:37:22,10.1000003815,43.4000015259,6.85
12:37:27,10.0,43.2999992371,5.85
12:37:33,10.0,43.4000015259,6.85
12:37:40,10.0,43.4000015259,6.85
12:37:46,10.0,43.4000015259,6.85
12:37:54,9.80000019073,44.4000015259,6.85
12:37:59,9.80000019073,44.4000015259,6.85
12:38:05,9.80000019073,44.5,5.85
12:38:11,9.69999980927,44.7000007629,6.85
12:38:17,9.69999980927,44.7000007629,5.85
12:38:23,9.60000038147,44.7000007629,6.85
12:38:28,9.5,44.7999992371,5.85
12:38:34,9.39999961853,44.7999992371,6.85
12:38:39,9.39999961853,44.9000015259,5.85
12:38:46,9.30000019073,44.9000015259,5.85
12:38:53,9.30000019073,45.0,5.85
12:38:58,9.30000019073,45.0,5.85
12:39:08,9.19999980927,45.0,5.85
12:39:19,9.19999980927,44.9000015259,5.85
12:39:29,9.10000038147,44.9000015259,5.85
12:39:34,9.10000038147,44.7999992371,5.85
12:39:39,9.10000038147,44.9000015259,5.85
12:39:45,9.0,44.9000015259,5.85
12:39:50,9.0,45.0999984741,5.85
12:39:55,9.0,45.0999984741,5.85
12:40:00,8.89999961853,45.0,5.85
12:40:06,8.80000019073,45.0999984741,5.85
12:40:11,8.80000019073,45.2000007629,5.85
12:40:16,8.80000019073,45.2999992371,5.85
12:40:21,8.69999980927,45.2999992371,5.85
12:40:30,8.69999980927,45.5,5.85
12:40:38,8.60000038147,45.4000015259,5.85
12:40:44,8.60000038147,45.4000015259,4.85
12:40:49,8.60000038147,45.4000015259,4.85
12:40:54,8.5,45.5,5.85
12:41:05,8.5,45.5999984741,5.85
12:41:11,8.30000019073,45.5999984741,5.85
12:41:16,8.30000019073,45.5999984741,4.85
12:41:21,8.30000019073,45.2999992371,5.85
12:41:26,8.19999980927,45.9000015259,4.85
12:41:32,8.19999980927,45.9000015259,4.85
12:41:39,8.10000038147,45.9000015259,4.85
12:41:47,8.10000038147,45.9000015259,4.85
12:41:54,8.10000038147,45.9000015259,4.85
12:42:00,8.0,45.7999992371,4.85
12:42:05,8.0,45.7999992371,4.85
12:42:11,8.0,45.7999992371,4.85
12:42:16,7.90000009537,45.7000007629,4.85
12:42:21,7.90000009537,45.7000007629,4.85
12:42:26,7.90000009537,45.7000007629,4.85
12:42:33,7.80000019073,45.5999984741,4.85
12:42:39,7.69999980927,45.5,4.85
12:42:45,7.69999980927,45.5,4.85
12:42:50,7.69999980927,45.5,4.85
12:42:55,7.59999990463,45.5999984741,4.85
12:43:00,7.5,45.7000007629,4.85
12:43:06,7.5,45.7999992371,4.85
12:43:11,7.5,45.9000015259,3.85
12:43:18,7.40000009537,45.9000015259,4.85
12:43:24,7.40000009537,45.9000015259,4.85
12:43:29,7.40000009537,45.9000015259,4.85
12:43:36,7.30000019073,46.2000007629,3.85
12:43:42,7.30000019073,46.2000007629,3.85
12:43:48,7.19999980927,46.2999992371,4.85
12:43:54,7.19999980927,46.4000015259,3.85
12:43:59,7.09999990463,46.2999992371,3.85
12:44:04,7.09999990463,46.2999992371,3.85
12:44:15,7.09999990463,46.4000015259,3.85
12:44:20,7.09999990463,46.2999992371,3.85
12:44:27,7.0,46.4000015259,3.85
12:44:33,7.0,46.4000015259,3.85
12:44:38,7.0,46.5,3.85
12:44:43,7.0,46.5,3.85
12:44:50,6.90000009537,46.5,3.85
12:44:55,6.90000009537,46.5,3.85
12:45:00,6.80000019073,46.5999984741,3.85
12:45:09,6.80000019073,46.5999984741,3.85
12:45:14,6.80000019073,46.5999984741,3.85
12:45:19,6.69999980927,46.5999984741,3.85
12:45:27,6.59999990463,46.7000007629,3.85
12:45:37,6.59999990463,46.7000007629,3.85
12:45:43,6.59999990463,46.7000007629,3.85
12:45:48,6.5,46.5999984741,3.85
12:45:54,6.5,46.7000007629,3.85
12:45:59,6.5,46.7000007629,3.85
12:46:10,6.5,46.9000015259,3.85
12:46:18,6.40000009537,47.0,3.85
12:46:28,6.30000019073,47.0999984741,3.85
12:46:33,6.19999980927,47.0999984741,2.85
12:46:39,6.19999980927,47.0999984741,2.85
12:46:45,6.19999980927,47.2000007629,2.85
12:46:52,6.09999990463,47.2999992371,3.85
12:47:00,6.09999990463,47.4000015259,3.85
12:47:05,6.0,47.5,2.85
12:47:14,6.0,47.5,3.85
12:47:20,5.90000009537,47.5,2.85
12:47:26,5.90000009537,47.4000015259,2.85
12:47:31,5.90000009537,47.4000015259,2.85
12:47:36,5.90000009537,47.5999984741,2.85
12:47:41,5.80000019073,47.5999984741,2.85
12:47:46,5.80000019073,47.5999984741,2.85
12:47:52,5.80000019073,47.7999992371,2.85
12:47:58,5.69999980927,47.7000007629,2.85
12:48:05,5.59999990463,47.7999992371,2.85
12:48:10,5.59999990463,47.7999992371,2.85
12:48:16,5.5,47.9000015259,2.85
12:48:21,5.5,48.0,2.85
12:48:26,5.5,48.0,2.85
12:48:31,5.5,48.0,2.85
12:48:37,5.5,48.0,2.85
12:48:42,5.40000009537,48.0,2.85
12:48:48,5.40000009537,48.0,2.85
12:48:53,5.40000009537,48.0999984741,1.85
12:48:58,5.30000019073,48.0999984741,2.85
12:49:04,5.30000019073,48.0999984741,2.85
12:49:09,5.30000019073,48.0999984741,2.85
12:49:14,5.19999980927,48.0999984741,2.85
12:49:19,5.19999980927,48.0999984741,2.85
12:49:27,5.19999980927,48.2000007629,2.85
12:49:37,5.19999980927,48.2999992371,2.85
12:49:43,5.09999990463,48.0999984741,2.85
12:49:48,5.09999990463,48.2000007629,2.85
12:49:54,5.09999990463,48.2999992371,2.85
12:50:01,5.0,48.2999992371,2.85
12:50:12,5.0,48.5,2.85
12:50:17,4.90000009537,48.5,1.85
12:50:22,4.90000009537,48.4000015259,1.85
12:50:30,4.90000009537,48.5,2.85
12:50:35,4.90000009537,48.4000015259,1.85
12:50:40,4.80000019073,48.4000015259,2.85
12:50:48,4.80000019073,48.5999984741,2.85
12:50:54,4.69999980927,48.5,2.85
12:50:59,4.69999980927,48.5999984741,1.85
12:51:09,4.59999990463,48.5999984741,1.85
12:51:14,4.59999990463,48.7000007629,2.85
12:51:19,4.59999990463,48.7000007629,1.85
12:51:25,4.59999990463,48.7000007629,1.85
12:51:31,4.5,48.5999984741,1.85
12:51:38,4.5,48.5999984741,1.85
12:51:43,4.5,48.7000007629,1.85
12:51:49,4.40000009537,48.5999984741,1.85
12:51:58,4.40000009537,48.7999992371,1.85
12:52:04,4.30000019073,48.7999992371,1.85
12:52:11,4.30000019073,48.7999992371,1.85
12:52:16,4.30000019073,48.7999992371,1.85
12:52:22,4.30000019073,48.7999992371,1.85
12:52:32,4.19999980927,48.7999992371,1.85
12:52:39,4.19999980927,48.9000015259,1.85
12:52:44,4.19999980927,48.9000015259,1.85
12:52:51,4.09999990463,49.0,1.85
12:52:56,4.09999990463,49.0,1.85
12:53:01,4.09999990463,49.0,1.85
12:53:06,4.0,49.0,1.85
12:53:11,4.0,49.0999984741,1.85
12:53:19,3.90000009537,49.0,1.85
12:53:24,3.90000009537,49.0999984741,1.85
12:53:29,3.90000009537,49.2999992371,0.85
12:53:34,3.90000009537,49.2999992371,1.85
12:53:44,3.79999995232,49.2000007629,1.85
12:53:49,3.79999995232,49.2999992371,0.85
12:53:54,3.79999995232,49.2999992371,1.85
12:53:59,3.70000004768,49.2999992371,1.85
12:54:09,3.70000004768,49.5,1.85
12:54:15,3.70000004768,49.5,0.85
12:54:20,3.70000004768,49.5,0.85
12:54:26,3.59999990463,49.2999992371,1.85
12:54:31,3.59999990463,49.4000015259,0.85
12:54:36,3.59999990463,49.4000015259,0.85
12:54:41,3.59999990463,49.4000015259,0.85
12:54:47,3.59999990463,49.4000015259,0.85
12:54:54,3.5,49.5,1.85
12:54:59,3.5,49.5,0.85
12:55:10,3.5,49.5999984741,1.85
12:55:15,3.40000009537,49.5,0.85
12:55:20,3.40000009537,49.5,0.85
12:55:27,3.40000009537,49.5,1.85
12:55:34,3.40000009537,49.5,1.85
12:55:40,3.40000009537,49.5999984741,0.85
12:55:49,3.29999995232,49.4000015259,0.85
12:55:54,3.29999995232,49.4000015259,0.85
12:56:00,3.29999995232,49.4000015259,0.85
12:56:06,3.29999995232,49.4000015259,0.85
12:56:11,3.29999995232,49.5,0.85
12:56:16,3.20000004768,49.4000015259,0.85
12:56:21,3.20000004768,49.5,0.85
12:56:26,3.09999990463,49.5,0.85
12:56:32,3.09999990463,49.5,0.85
12:56:38,3.0,49.5,0.85
12:56:43,3.0,49.5,0.85
12:56:49,3.0,49.5,0.85
12:56:59,3.0,49.5999984741,0.85
12:57:08,2.90000009537,49.5999984741,0.85
12:57:14,2.90000009537,49.5999984741,0.85
12:57:20,2.90000009537,49.5999984741,0.85
12:57:25,2.90000009537,49.5999984741,0.85
12:57:30,2.79999995232,49.4000015259,0.85
12:57:35,2.79999995232,49.4000015259,0.85
12:57:42,2.79999995232,49.2999992371,0.85
12:57:47,2.79999995232,49.2999992371,0.85
12:57:58,2.79999995232,49.2000007629,0.85
12:58:03,2.70000004768,49.0999984741,0.85
12:58:08,2.70000004768,49.0999984741,-0.15
12:58:14,2.70000004768,49.2000007629,0.85
12:58:21,2.59999990463,49.0,0.85
12:58:27,2.59999990463,49.0,0.85
12:58:32,2.59999990463,49.0,0.85
12:58:37,2.59999990463,49.0,0.85
12:58:43,2.59999990463,49.0,-0.15
12:58:48,2.5,49.0,0.85
12:58:53,2.5,49.0,0.85
12:59:00,2.40000009537,49.2000007629,0.85
12:59:05,2.40000009537,49.2000007629,0.85
12:59:10,2.40000009537,49.2000007629,0.85
12:59:16,2.40000009537,49.2000007629,0.85
12:59:21,2.40000009537,49.2000007629,-0.15
12:59:26,2.29999995232,49.2000007629,-0.15
12:59:32,2.29999995232,49.2000007629,0.85
12:59:37,2.29999995232,49.2000007629,0.85
12:59:43,2.29999995232,49.2000007629,0.85
12:59:51,2.20000004768,49.0999984741,0.85
12:59:56,2.20000004768,49.2000007629,-0.15
13:00:01,2.20000004768,49.2000007629,-0.15
13:00:07,2.20000004768,49.2000007629,-0.15
13:00:12,2.09999990463,49.2000007629,-0.15
13:00:17,2.09999990463,49.2000007629,-0.15
13:00:22,2.09999990463,49.2000007629,-0.15
13:00:27,2.09999990463,49.2000007629,-0.15
13:00:33,2.09999990463,49.2000007629,0.85
13:00:38,2.0,49.0999984741,-0.15
13:00:48,2.0,49.2000007629,0.85
13:00:53,2.0,49.2000007629,-0.15
13:00:58,1.89999997616,49.0999984741,-0.15
13:01:04,1.89999997616,49.0999984741,-0.15
13:01:12,1.89999997616,49.0999984741,-0.15
13:01:17,1.89999997616,49.2000007629,-0.15
13:01:22,1.89999997616,49.2000007629,-0.15
13:01:28,1.89999997616,49.2000007629,-0.15
13:01:33,1.89999997616,49.2000007629,-0.15
13:01:38,1.79999995232,49.2999992371,-0.15
13:01:44,1.79999995232,49.2999992371,-0.15
13:01:49,1.70000004768,49.2000007629,-0.15
13:01:59,1.70000004768,49.2000007629,-0.15
13:02:06,1.60000002384,49.2000007629,-0.15
13:02:12,1.60000002384,49.2000007629,-0.15
13:02:17,1.60000002384,49.4000015259,-0.15
13:02:22,1.60000002384,49.4000015259,-0.15
13:02:27,1.60000002384,49.4000015259,-0.15
13:02:33,1.5,49.4000015259,-0.15
13:02:39,1.5,49.4000015259,-0.15
13:02:45,1.5,49.5,-0.15
13:02:52,1.39999997616,49.5999984741,-0.15
13:02:58,1.39999997616,49.7000007629,-0.15
13:03:04,1.39999997616,49.7000007629,-0.15
13:03:11,1.29999995232,49.5999984741,-0.15
13:03:16,1.29999995232,49.5999984741,-0.15
13:03:24,1.29999995232,49.7000007629,-0.15
13:03:30,1.29999995232,49.7000007629,-0.15
13:03:35,1.29999995232,49.7000007629,-0.15
13:03:41,1.20000004768,49.5999984741,-0.15
13:03:51,1.20000004768,49.5,-0.15
13:03:57,1.20000004768,49.5,-0.15
13:04:03,1.20000004768,49.5,-0.15
13:04:10,1.20000004768,49.5999984741,-0.15
13:04:15,1.20000004768,49.5999984741,-0.15
13:04:20,1.20000004768,49.5,-0.15
13:04:25,1.20000004768,49.5,-0.15
13:04:30,1.10000002384,49.5,-0.15
13:04:36,1.10000002384,49.5999984741,-0.15
13:04:41,1.0,49.5999984741,-0.15
13:04:46,0.800000011921,49.7000007629,-0.15
13:04:52,0.699999988079,49.9000015259,-0.15
13:04:57,0.699999988079,49.9000015259,-0.15
13:05:03,0.600000023842,50.0999984741,-0.15
13:05:08,0.600000023842,50.0999984741,-1.15
13:05:13,0.40000000596,50.2999992371,-0.15
13:05:18,0.40000000596,50.7000007629,-0.15
13:05:24,0.40000000596,50.9000015259,-0.15
13:05:31,0.40000000596,50.9000015259,-0.15
13:05:37,0.40000000596,50.9000015259,-0.15
13:05:46,0.5,50.5999984741,-0.15
13:05:52,0.5,50.5,-0.15
13:05:59,0.5,50.4000015259,-0.15
13:06:05,0.5,50.4000015259,-1.15
13:06:11,0.600000023842,50.4000015259,-1.15
13:06:16,0.5,50.4000015259,-1.15
13:06:21,0.5,50.4000015259,-0.15
13:06:26,0.5,50.5,-0.15
13:06:36,0.40000000596,50.5,-0.15
13:06:42,0.40000000596,50.5,-0.15
13:06:49,0.40000000596,50.5999984741,-0.15
13:06:54,0.40000000596,50.5999984741,-1.15
13:06:59,0.40000000596,50.5,-1.15
13:07:04,0.40000000596,50.5,-1.15
13:07:10,0.40000000596,50.5999984741,-1.15
13:07:15,0.40000000596,50.7000007629,-0.15
13:07:20,0.40000000596,50.7000007629,-1.15
13:07:28,0.300000011921,50.5999984741,-0.15
13:07:33,0.300000011921,50.5,-1.15
13:07:38,0.300000011921,50.7000007629,-1.15
13:07:44,0.300000011921,50.7000007629,-1.15
13:07:53,0.300000011921,50.7000007629,-0.15
13:07:58,0.300000011921,50.7999992371,-1.15
13:08:04,0.20000000298,50.7000007629,-1.15
13:08:15,0.20000000298,50.7000007629,-0.15
13:08:20,0.20000000298,50.7000007629,-1.15
13:08:28,0.10000000149,50.5999984741,-0.15
13:08:35,0.20000000298,50.7000007629,-1.15
13:08:41,0.10000000149,50.5999984741,-1.15
13:08:46,0.20000000298,50.7000007629,-1.15
13:08:51,0.20000000298,50.7000007629,-1.15
13:08:58,0.10000000149,50.5999984741,-1.15
13:09:04,0.10000000149,50.5999984741,-1.15
13:09:14,0.10000000149,50.5999984741,-1.15
13:09:20,0.10000000149,50.5999984741,-1.15
13:09:30,0.10000000149,50.5999984741,-1.15
13:09:35,0.0,50.5,-1.15
13:09:45,0.0,50.5,-1.15
13:09:55,0.0,50.5,-1.15
13:10:00,0.0,50.5,-1.15
13:10:06,-0.10000000149,50.5,-1.15
13:10:13,-0.10000000149,50.5,-1.15
13:10:24,-0.10000000149,50.5,-1.15
13:10:31,-0.20000000298,50.4000015259,-1.15
13:10:37,-0.20000000298,50.4000015259,-1.15
13:10:42,-0.20000000298,50.4000015259,-1.15
13:10:47,-0.20000000298,50.4000015259,-1.15
13:10:54,-0.20000000298,50.4000015259,-1.15
13:10:59,-0.20000000298,50.4000015259,-1.15
13:11:04,-0.20000000298,50.4000015259,-1.15
13:11:10,-0.300000011921,50.2999992371,-1.15
13:11:15,-0.300000011921,50.2999992371,-1.15
13:11:20,-0.300000011921,50.2999992371,-1.15
13:11:30,-0.300000011921,50.2999992371,-1.15
13:11:35,-0.40000000596,50.2000007629,-1.15
13:11:40,-0.40000000596,50.2000007629,-1.15
13:11:46,-0.40000000596,50.2000007629,-1.15
13:11:51,-0.40000000596,50.4000015259,-1.15
13:11:56,-0.40000000596,50.4000015259,-1.15
13:12:01,-0.40000000596,50.4000015259,-2.15
13:12:06,-0.5,50.2999992371,-1.15
13:12:13,-0.5,50.4000015259,-1.15
13:12:18,-0.5,50.5,-1.15
13:12:23,-0.5,50.7000007629,-1.15
13:12:29,-0.600000023842,50.5999984741,-2.15
13:12:34,-0.600000023842,50.5999984741,-1.15
13:12:39,-0.600000023842,50.7000007629,-2.15
13:12:47,-0.600000023842,50.9000015259,-1.15
13:12:53,-0.600000023842,50.9000015259,-1.15
13:12:58,-0.600000023842,50.9000015259,-1.15
13:13:03,-0.600000023842,50.9000015259,-1.15
13:13:08,-0.600000023842,51.0,-2.15
13:13:14,-0.699999988079,50.9000015259,-1.15
13:13:19,-0.699999988079,50.9000015259,-1.15
13:13:24,-0.699999988079,50.9000015259,-1.15
13:13:29,-0.699999988079,51.0999984741,-2.15
13:13:34,-0.800000011921,51.0,-2.15
13:13:40,-0.800000011921,51.0,-2.15
13:13:45,-0.800000011921,51.0999984741,-1.15
13:13:50,-0.800000011921,51.0999984741,-1.15
13:13:55,-0.800000011921,51.0999984741,-2.15
13:14:03,-0.899999976158,51.2000007629,-1.15
13:14:09,-0.899999976158,51.2000007629,-1.15
13:14:14,-0.899999976158,51.2000007629,-2.15
13:14:23,-0.899999976158,51.2999992371,-1.15
13:14:29,-1.0,51.2999992371,-2.15
13:14:34,-1.0,51.2999992371,-1.15
13:14:39,-1.0,51.2999992371,-2.15
13:14:47,-1.0,51.2999992371,-1.15
13:14:52,-1.0,51.2999992371,-1.15
13:15:00,-1.0,51.2999992371,-1.15
13:15:10,-1.0,51.2999992371,-1.15
13:15:16,-1.0,51.2999992371,-2.15
13:15:21,-1.0,51.2999992371,-2.15
13:15:26,-1.0,51.2999992371,-2.15
13:15:31,-1.0,51.4000015259,-2.15
13:15:39,-1.10000002384,51.2999992371,-1.15
13:15:45,-1.10000002384,51.2999992371,-2.15
13:15:55,-1.10000002384,51.4000015259,-2.15
13:16:00,-1.10000002384,51.4000015259,-2.15
13:16:09,-1.20000004768,51.2999992371,-1.15
13:16:17,-1.10000002384,51.4000015259,-1.15
13:16:22,-1.10000002384,51.4000015259,-2.15
13:16:33,-1.20000004768,51.2999992371,-1.15
13:16:42,-1.20000004768,51.2999992371,-1.15
13:16:47,-1.20000004768,51.4000015259,-1.15
13:16:53,-1.39999997616,51.7000007629,-2.15
13:16:59,-1.5,51.7999992371,-2.15
13:17:04,-1.60000002384,51.9000015259,-2.15
13:17:09,-1.60000002384,52.0,-2.15
13:17:14,-1.60000002384,52.2000007629,-2.15
13:17:21,-1.60000002384,52.2000007629,-1.15
13:17:26,-1.60000002384,52.2000007629,-2.15
13:17:31,-1.60000002384,52.2000007629,-2.15
13:17:39,-1.60000002384,52.2000007629,-2.15
13:17:44,-1.60000002384,52.2000007629,-2.15
13:17:49,-1.60000002384,52.0999984741,-2.15
13:17:54,-1.60000002384,52.0999984741,-2.15
13:18:01,-1.60000002384,52.2000007629,-1.15
13:18:07,-1.60000002384,52.2000007629,-2.15
13:18:12,-1.60000002384,52.2000007629,-1.15
13:18:17,-1.60000002384,52.2999992371,-2.15
13:18:22,-1.60000002384,52.2000007629,-1.15
13:18:28,-1.70000004768,52.0999984741,-1.15
13:18:35,-1.60000002384,52.2000007629,-2.15
13:18:40,-1.60000002384,52.2000007629,-2.15
13:18:46,-1.60000002384,52.2000007629,-2.15
13:18:52,-1.60000002384,52.0999984741,-2.15
13:18:57,-1.60000002384,52.2000007629,-2.15
13:19:08,-1.70000004768,52.0999984741,-2.15
13:19:16,-1.70000004768,52.2000007629,-2.15
13:19:21,-1.70000004768,52.2000007629,-2.15
13:19:26,-1.70000004768,52.2000007629,-2.15
13:19:32,-1.70000004768,52.2000007629,-2.15
13:19:37,-1.70000004768,52.2000007629,-2.15
13:19:42,-1.70000004768,52.2000007629,-2.15
13:19:47,-1.79999995232,52.2999992371,-2.15
13:19:53,-1.79999995232,52.4000015259,-2.15
13:19:59,-1.79999995232,52.4000015259,-2.15
13:20:04,-1.79999995232,52.4000015259,-2.15
13:20:09,-1.79999995232,52.4000015259,-2.15
13:20:17,-1.89999997616,52.2999992371,-2.15
13:20:22,-1.89999997616,52.4000015259,-2.15
13:20:28,-1.89999997616,52.4000015259,-2.15
13:20:34,-1.89999997616,52.4000015259,-2.15
13:20:39,-1.79999995232,52.5,-2.15
13:20:45,-1.89999997616,52.4000015259,-2.15
13:20:50,-1.89999997616,52.2999992371,-2.15
13:20:58,-2.0,52.4000015259,-2.15
13:21:07,-2.0,52.5,-2.15
13:21:16,-2.0,52.4000015259,-2.15
13:21:22,-2.0,52.5,-2.15
13:21:27,-2.0,52.5,-2.15
13:21:32,-1.89999997616,52.5,-2.15
13:21:39,-2.0,52.4000015259,-2.15
13:21:45,-2.0,52.4000015259,-2.15
13:21:52,-2.0,52.5999984741,-2.15
13:21:57,-2.09999990463,52.5999984741,-2.15
13:22:02,-2.20000004768,52.5999984741,-2.15
13:22:07,-2.29999995232,52.7000007629,-2.15
13:22:13,-2.40000009537,52.7000007629,-2.15
13:22:18,-2.40000009537,52.9000015259,-2.15
13:22:24,-2.40000009537,53.0,-2.15
13:22:29,-2.5,53.0999984741,-2.15
13:22:37,-2.59999990463,53.2999992371,-2.15
13:22:47,-2.70000004768,53.4000015259,-2.15
13:22:52,-2.70000004768,53.5,-2.15
13:22:57,-2.70000004768,53.9000015259,-2.15
13:23:06,-2.79999995232,53.7999992371,-2.15
13:23:13,-2.79999995232,53.7999992371,-2.15
13:23:19,-2.79999995232,53.7999992371,-2.15
13:23:25,-2.90000009537,53.7999992371,-2.15
13:23:32,-2.90000009537,54.0999984741,-2.15
13:23:38,-2.90000009537,54.0999984741,-2.15
13:23:43,-2.90000009537,54.0999984741,-2.15
13:23:49,-3.0,54.2999992371,-2.15
13:23:54,-3.0,54.4000015259,-2.15
13:23:59,-3.0,54.4000015259,-2.15
13:24:04,-3.0,54.4000015259,-2.15
13:24:09,-2.90000009537,54.5,-2.15
13:24:15,-2.90000009537,54.4000015259,-2.15
13:24:20,-2.90000009537,54.2999992371,-2.15
13:24:27,-2.79999995232,54.4000015259,-2.15
13:24:33,-2.79999995232,54.2999992371,-2.15
13:24:38,-2.79999995232,54.2999992371,-2.15
13:24:44,-2.79999995232,54.2000007629,-2.15
13:24:54,-2.79999995232,54.0999984741,-2.15
13:25:01,-2.79999995232,53.9000015259,-2.15
13:25:06,-2.70000004768,54.0,-2.15
13:25:16,-2.70000004768,53.7999992371,-2.15
13:25:21,-2.70000004768,53.7999992371,-2.15
13:25:28,-2.70000004768,53.7999992371,-2.15
13:25:35,-2.70000004768,53.7999992371,-2.15
13:25:42,-2.70000004768,53.7999992371,-2.15
13:25:47,-2.70000004768,53.7999992371,-2.15
13:25:52,-2.70000004768,53.7999992371,-3.15
13:25:57,-2.70000004768,53.7999992371,-3.15
13:26:02,-2.70000004768,53.7999992371,-3.15
13:26:08,-2.70000004768,53.7999992371,-2.15
13:26:13,-2.79999995232,53.7999992371,-2.15
13:26:23,-2.70000004768,53.7999992371,-2.15
13:26:28,-2.70000004768,53.7999992371,-2.15
13:26:33,-2.70000004768,53.7999992371,-2.15
13:26:38,-2.79999995232,53.7999992371,-2.15
13:26:47,-2.79999995232,53.7999992371,-2.15
13:26:52,-2.70000004768,53.7999992371,-3.15
13:26:57,-2.70000004768,53.7999992371,-2.15
13:27:05,-2.79999995232,53.7999992371,-2.15
13:27:10,-2.70000004768,53.7999992371,-2.15
13:27:15,-2.79999995232,53.7999992371,-3.15
13:27:22,-2.79999995232,53.7999992371,-2.15
13:27:27,-2.79999995232,53.7999992371,-2.15
13:27:32,-2.79999995232,53.7999992371,-3.15
13:27:38,-2.79999995232,53.7999992371,-2.15
13:27:43,-2.79999995232,53.7999992371,-3.15
13:27:52,-2.79999995232,53.7999992371,-2.15
13:27:58,-2.79999995232,53.7999992371,-2.15
13:28:06,-2.79999995232,53.7999992371,-2.15
13:28:12,-2.79999995232,53.7999992371,-2.15
13:28:17,-2.79999995232,53.7999992371,-3.15
13:28:22,-2.79999995232,53.7999992371,-2.15
13:28:27,-2.90000009537,53.7000007629,-3.15
13:28:35,-2.90000009537,53.7000007629,-2.15
13:28:40,-2.90000009537,53.7000007629,-2.15
13:28:46,-2.90000009537,53.7000007629,-2.15
13:28:51,-2.90000009537,53.7000007629,-2.15
13:28:56,-2.90000009537,53.7000007629,-3.15
13:29:01,-2.90000009537,53.7000007629,-3.15
13:29:06,-2.90000009537,53.7000007629,-3.15
13:29:12,-2.90000009537,53.7000007629,-2.15
13:29:17,-2.90000009537,53.7000007629,-3.15
13:29:23,-2.90000009537,53.7000007629,-3.15
13:29:29,-2.90000009537,53.7000007629,-2.15
13:29:34,-2.90000009537,53.7000007629,-3.15
13:29:39,-2.90000009537,53.7000007629,-2.15
13:29:45,-2.90000009537,53.7999992371,-2.15
13:29:52,-3.0,53.9000015259,-2.15
13:29:58,-3.09999990463,53.9000015259,-2.15
13:30:03,-3.0,54.0999984741,-3.15
13:30:09,-3.09999990463,54.0,-3.15
13:30:14,-3.09999990463,54.0,-2.15
13:30:20,-3.0,54.2000007629,-2.15
13:30:25,-3.09999990463,54.0999984741,-3.15
13:30:31,-3.09999990463,54.0,-3.15
13:30:36,-3.09999990463,54.0999984741,-3.15
13:30:43,-3.09999990463,54.2000007629,-2.15
13:30:48,-3.09999990463,54.2000007629,-3.15
13:30:53,-3.09999990463,54.2999992371,-3.15
13:30:59,-3.09999990463,54.2000007629,-2.15
13:31:04,-3.09999990463,54.2000007629,-3.15
13:31:09,-3.09999990463,54.2999992371,-3.15
13:31:15,-3.09999990463,54.2999992371,-3.15
13:31:21,-3.20000004768,54.0999984741,-2.15
13:31:26,-3.09999990463,54.2000007629,-3.15
13:31:31,-3.09999990463,54.2000007629,-3.15
13:31:36,-3.09999990463,54.2000007629,-3.15
13:31:42,-3.20000004768,54.0999984741,-2.15
13:31:49,-3.20000004768,54.2000007629,-2.15
13:31:56,-3.20000004768,54.2000007629,-2.15
13:32:02,-3.20000004768,54.2000007629,-2.15
13:32:07,-3.20000004768,54.2000007629,-2.15
13:32:18,-3.20000004768,54.2000007629,-3.15
13:32:23,-3.20000004768,54.0999984741,-3.15
13:32:29,-3.20000004768,54.0999984741,-2.15
13:32:35,-3.20000004768,54.2000007629,-3.15
13:32:40,-3.20000004768,54.2000007629,-3.15
13:32:45,-3.20000004768,54.0999984741,-3.15
13:32:54,-3.20000004768,54.0999984741,-3.15
13:33:02,-3.20000004768,54.2000007629,-3.15
13:33:10,-3.20000004768,54.0999984741,-3.15
13:33:20,-3.29999995232,54.2000007629,-2.15
13:33:27,-3.29999995232,54.2000007629,-3.15
13:33:32,-3.29999995232,54.2000007629,-3.15
13:33:38,-3.29999995232,54.2999992371,-2.15
13:33:44,-3.29999995232,54.2999992371,-2.15
13:33:51,-3.29999995232,54.2999992371,-2.15
13:33:56,-3.40000009537,54.2999992371,-3.15
13:34:02,-3.40000009537,54.2999992371,-3.15
13:34:12,-3.40000009537,54.4000015259,-3.15
13:34:18,-3.40000009537,54.4000015259,-3.15
13:34:23,-3.40000009537,54.2999992371,-3.15
13:34:28,-3.40000009537,54.2999992371,-3.15
13:34:35,-3.40000009537,54.4000015259,-2.15
13:34:40,-3.40000009537,54.4000015259,-3.15
13:34:45,-3.40000009537,54.4000015259,-3.15
13:34:50,-3.40000009537,54.4000015259,-3.15
13:34:56,-3.40000009537,54.4000015259,-3.15
13:35:01,-3.40000009537,54.4000015259,-3.15
13:35:08,-3.40000009537,54.4000015259,-3.15
13:35:14,-3.40000009537,54.4000015259,-3.15
13:35:23,-3.5,54.5,-2.15
13:35:31,-3.5,54.5999984741,-3.15
13:35:36,-3.5,54.5,-3.15
13:35:42,-3.5,54.5999984741,-3.15
13:35:47,-3.5,54.5999984741,-3.15
13:35:52,-3.5,54.5,-3.15
13:35:58,-3.5,54.5999984741,-3.15
13:36:04,-3.5,54.5999984741,-3.15
13:36:09,-3.59999990463,54.5,-3.15
13:36:14,-3.5,54.5999984741,-3.15
13:36:22,-3.59999990463,54.5999984741,-3.15
13:36:27,-3.59999990463,54.5999984741,-3.15
13:36:32,-3.59999990463,54.5999984741,-3.15
13:36:37,-3.59999990463,54.5999984741,-3.15
13:36:43,-3.59999990463,54.7000007629,-3.15
13:36:48,-3.59999990463,54.7000007629,-3.15
13:36:56,-3.59999990463,54.7000007629,-3.15
13:37:03,-3.59999990463,54.7000007629,-3.15
13:37:11,-3.59999990463,54.7999992371,-3.15
13:37:17,-3.59999990463,54.7999992371,-3.15
13:37:22,-3.59999990463,54.7999992371,-3.15
13:37:28,-3.59999990463,54.7999992371,-3.15
13:37:33,-3.59999990463,54.7000007629,-3.15
13:37:38,-3.59999990463,54.7000007629,-3.15
13:37:47,-3.59999990463,54.7000007629,-3.15
13:37:52,-3.59999990463,54.7000007629,-3.15
13:38:00,-3.59999990463,54.7000007629,-3.15
13:38:05,-3.59999990463,54.5999984741,-3.15
13:38:10,-3.59999990463,54.5999984741,-3.15
13:38:21,-3.59999990463,54.5999984741,-3.15
13:38:26,-3.59999990463,54.5999984741,-3.15
13:38:35,-3.59999990463,54.7000007629,-3.15
13:38:43,-3.59999990463,54.5999984741,-3.15
13:38:49,-3.59999990463,54.5999984741,-3.15
13:38:57,-3.70000004768,54.5,-3.15
13:39:03,-3.70000004768,54.5,-3.15
13:39:08,-3.70000004768,54.5999984741,-3.15
13:39:14,-3.70000004768,54.7999992371,-3.15
13:39:19,-3.70000004768,54.7999992371,-3.15
13:39:25,-3.70000004768,54.7999992371,-3.15
13:39:30,-3.70000004768,54.7999992371,-3.15
13:39:35,-3.70000004768,54.7999992371,-3.15
13:39:40,-3.70000004768,54.7999992371,-3.15
13:39:46,-3.70000004768,54.7999992371,-3.15
13:39:51,-3.70000004768,54.9000015259,-3.15
13:39:57,-3.70000004768,54.7999992371,-3.15
13:40:02,-3.79999995232,54.7999992371,-3.15
13:40:07,-3.79999995232,54.7999992371,-3.15
13:40:14,-3.79999995232,54.7999992371,-3.15
13:40:20,-3.79999995232,54.7999992371,-3.15
13:40:25,-3.79999995232,54.7999992371,-3.15
13:40:31,-3.79999995232,54.7999992371,-3.15
13:40:36,-3.79999995232,54.9000015259,-3.15
13:40:41,-3.79999995232,54.9000015259,-3.15
13:40:52,-3.90000009537,54.7999992371,-3.15
13:40:57,-3.79999995232,54.9000015259,-3.15
13:41:02,-3.79999995232,54.9000015259,-3.15
13:41:08,-3.79999995232,54.9000015259,-3.15
13:41:13,-3.79999995232,54.9000015259,-3.15
13:41:18,-3.79999995232,54.9000015259,-3.15
13:41:27,-3.79999995232,54.9000015259,-3.15
13:41:32,-3.79999995232,55.0,-3.15
13:41:38,-3.90000009537,54.9000015259,-3.15
13:41:43,-3.90000009537,54.9000015259,-3.15
13:41:48,-3.90000009537,54.9000015259,-3.15
13:41:54,-3.90000009537,55.0,-3.15
13:42:01,-3.79999995232,55.0,-3.15
13:42:07,-3.90000009537,55.0,-3.15
13:42:12,-3.90000009537,55.0,-3.15
13:42:18,-3.90000009537,55.0,-3.15
13:42:24,-3.90000009537,55.0,-3.15
13:42:30,-3.90000009537,55.0,-3.15
13:42:35,-3.90000009537,55.0,-3.15
13:42:40,-3.90000009537,55.0,-3.15
13:42:46,-3.90000009537,55.0,-3.15
13:42:51,-3.90000009537,55.0,-3.15
13:42:56,-3.90000009537,55.0,-3.15
13:43:05,-3.90000009537,55.0999984741,-3.15
13:43:10,-3.90000009537,55.0,-3.15
13:43:15,-4.0,55.0,-3.15
13:43:20,-4.0,55.0,-3.15
13:43:26,-4.0,55.0999984741,-3.15
13:43:32,-4.0,55.0999984741,-3.15
13:43:38,-4.0,55.0,-3.15
13:43:43,-4.0,55.0999984741,-3.15
13:43:48,-4.0,55.0999984741,-3.15
13:43:54,-4.0,55.0999984741,-3.15
13:43:59,-4.0,55.0999984741,-3.15
13:44:04,-4.0,55.2999992371,-3.15
13:44:10,-4.0,55.2000007629,-3.15
13:44:15,-4.0,55.2000007629,-3.15
13:44:21,-4.09999990463,55.2000007629,-3.15
13:44:26,-4.09999990463,55.2000007629,-3.15
13:44:31,-4.09999990463,55.2000007629,-3.15
13:44:36,-4.09999990463,55.2999992371,-3.15
13:44:44,-4.09999990463,55.2000007629,-3.15
13:44:49,-4.09999990463,55.2999992371,-3.15
13:44:55,-4.09999990463,55.2000007629,-3.15
13:45:01,-4.09999990463,55.2999992371,-3.15
13:45:06,-4.09999990463,55.2999992371,-4.15
13:45:13,-4.09999990463,55.2999992371,-3.15
13:45:18,-4.09999990463,55.2999992371,-3.15
13:45:26,-4.09999990463,55.2000007629,-3.15
13:45:31,-4.09999990463,55.2000007629,-3.15
13:45:37,-4.09999990463,55.2000007629,-3.15
13:45:43,-4.09999990463,55.2999992371,-3.15
13:45:48,-4.09999990463,55.2999992371,-3.15
13:45:53,-4.09999990463,55.2999992371,-3.15
13:45:58,-4.09999990463,55.2999992371,-3.15
13:46:04,-4.09999990463,55.2999992371,-3.15
13:46:09,-4.09999990463,55.2999992371,-3.15
13:46:15,-4.09999990463,55.2000007629,-3.15
13:46:20,-4.09999990463,55.2000007629,-3.15
13:46:25,-4.09999990463,55.2000007629,-3.15
13:46:34,-4.09999990463,55.2000007629,-3.15
13:46:42,-4.09999990463,55.2000007629,-3.15
13:46:47,-4.09999990463,55.2000007629,-3.15
13:46:55,-4.09999990463,55.0999984741,-3.15
13:47:04,-4.09999990463,55.2000007629,-3.15
13:47:11,-4.09999990463,55.2999992371,-3.15
13:47:18,-4.09999990463,55.2000007629,-3.15
13:47:24,-4.19999980927,55.0999984741,-3.15
13:47:29,-4.09999990463,55.2000007629,-3.15
13:47:34,-4.19999980927,55.0999984741,-3.15
13:47:39,-4.19999980927,55.0999984741,-3.15
13:47:45,-4.19999980927,55.0999984741,-3.15
13:47:54,-4.19999980927,55.0999984741,-3.15
13:47:59,-4.19999980927,55.2000007629,-3.15
13:48:04,-4.19999980927,55.2000007629,-3.15
13:48:09,-4.19999980927,55.2000007629,-3.15
13:48:16,-4.19999980927,55.2999992371,-3.15
13:48:24,-4.19999980927,55.2999992371,-3.15
13:48:29,-4.19999980927,55.2999992371,-3.15
13:48:34,-4.30000019073,55.2999992371,-3.15
13:48:39,-4.30000019073,4.09999990463,-3.15
13:48:44,-4.30000019073,4.09999990463,-4.15
13:48:49,-4.19999980927,55.4000015259,-3.15
13:48:55,-4.19999980927,55.4000015259,-4.15
13:49:00,-4.19999980927,55.5,-4.15
13:49:07,-4.30000019073,55.2999992371,-3.15
13:49:12,-4.19999980927,55.4000015259,-4.15
13:49:17,-4.19999980927,55.4000015259,-4.15
13:49:23,-4.30000019073,55.4000015259,-4.15
13:49:28,-4.30000019073,55.4000015259,-3.15
13:49:33,-4.30000019073,55.4000015259,-3.15
13:49:38,-4.30000019073,55.5,-4.15
13:49:44,-4.30000019073,55.5,-4.15
13:49:49,-4.30000019073,55.5,-3.15
13:49:54,-4.30000019073,55.5999984741,-3.15
13:49:59,-4.30000019073,55.5999984741,-4.15
13:50:06,-4.30000019073,55.5999984741,-3.15
13:50:12,-4.40000009537,55.5,-4.15
13:50:17,-4.40000009537,55.5,-3.15
13:50:22,-4.30000019073,55.5999984741,-3.15
13:50:28,-4.30000019073,55.5999984741,-3.15
13:50:33,-4.30000019073,55.5,-3.15
13:50:38,-4.30000019073,55.5999984741,-4.15
13:50:43,-4.30000019073,55.5,-3.15
13:50:49,-4.30000019073,55.5,-3.15
13:50:54,-4.30000019073,55.5,-4.15
13:50:59,-4.30000019073,55.5,-3.15
13:51:04,-4.30000019073,55.5999984741,-3.15
13:51:10,-4.30000019073,55.5999984741,-3.15
13:51:21,-4.30000019073,55.5999984741,-3.15
13:51:28,-4.30000019073,55.5,-3.15
13:51:33,-4.30000019073,55.5,-3.15
13:51:39,-4.30000019073,55.5,-3.15
13:51:45,-4.30000019073,55.5,-3.15
13:51:50,-4.30000019073,55.4000015259,-3.15
13:51:55,-4.30000019073,55.4000015259,-3.15
13:52:01,-4.30000019073,55.5,-3.15
13:52:07,-4.30000019073,55.5999984741,-3.15
13:52:16,-4.30000019073,55.5999984741,-3.15
13:52:22,-4.40000009537,55.5,-3.15
13:52:27,-4.30000019073,55.5999984741,-4.15
13:52:32,-4.30000019073,55.5999984741,-4.15
13:52:37,-4.30000019073,55.5999984741,-3.15
13:52:43,-4.30000019073,55.5999984741,-4.15
13:52:48,-4.40000009537,55.5,-3.15
13:52:53,-4.40000009537,55.5999984741,-4.15
13:52:58,-4.40000009537,55.5999984741,-4.15
13:53:03,-4.40000009537,4.40000009537,-4.15
13:53:09,-4.40000009537,55.7000007629,-3.15
13:53:17,-4.40000009537,55.5999984741,-3.15
13:53:22,-4.40000009537,55.5999984741,-4.15
13:53:27,-4.40000009537,55.5999984741,-4.15
13:53:33,-4.40000009537,55.5999984741,-3.15
13:53:38,-4.40000009537,55.5999984741,-4.15
13:53:43,-4.40000009537,55.5999984741,-3.15
13:53:49,-4.40000009537,55.7000007629,-3.15
13:53:56,-4.40000009537,55.7000007629,-3.15
13:54:05,-4.40000009537,55.7000007629,-3.15
13:54:10,-4.40000009537,55.7000007629,-3.15
13:54:15,-4.40000009537,55.7000007629,-3.15
13:54:23,-4.59999990463,55.9000015259,-3.15
13:54:29,-4.59999990463,55.9000015259,-3.15
13:54:34,-4.59999990463,55.9000015259,-4.15
13:54:39,-4.80000019073,56.0999984741,-3.15
13:54:44,-4.80000019073,56.2000007629,-4.15
13:54:50,-4.80000019073,56.2999992371,-3.15
13:54:55,-4.90000009537,56.2999992371,-3.15
13:55:01,-4.90000009537,56.5,-3.15
13:55:06,-4.90000009537,56.5,-4.15
13:55:12,-4.90000009537,56.7999992371,-4.15
13:55:17,-5.0,56.7999992371,-4.15
13:55:22,-5.0,56.7999992371,-3.15
13:55:28,-5.09999990463,57.0,-3.15
13:55:34,-5.09999990463,57.2999992371,-3.15
13:55:39,-5.09999990463,57.2999992371,-3.15
13:55:45,-5.09999990463,57.2999992371,-3.15
13:55:50,-5.09999990463,57.2999992371,-3.15
13:55:55,-5.09999990463,57.2999992371,-4.15
13:56:00,-5.09999990463,57.2999992371,-3.15
13:56:05,-5.09999990463,57.2999992371,-3.15
13:56:12,-4.90000009537,57.5,-3.15
13:56:17,-4.90000009537,57.5,-4.15
13:56:22,-4.90000009537,57.5,-4.15
13:56:27,-4.90000009537,57.5,-4.15
13:56:32,-4.90000009537,57.4000015259,-4.15
13:56:38,-4.90000009537,57.4000015259,-3.15
13:56:46,-4.90000009537,57.2999992371,-3.15
13:56:51,-4.90000009537,57.4000015259,-4.15
13:56:57,-4.90000009537,57.0999984741,-4.15
13:57:02,-4.90000009537,57.0999984741,-4.15
13:57:08,-4.90000009537,57.0999984741,-4.15
13:57:13,-4.80000019073,57.0999984741,-3.15
13:57:19,-4.90000009537,57.0,-3.15
13:57:24,-4.80000019073,57.0999984741,-4.15
13:57:29,-4.80000019073,57.0999984741,-4.15
13:57:35,-4.80000019073,57.0,-3.15
13:57:40,-4.80000019073,57.0999984741,-3.15
13:57:46,-4.80000019073,57.0999984741,-3.15
13:57:51,-4.90000009537,57.0999984741,-4.15
13:57:56,-4.90000009537,57.0999984741,-3.15
13:58:02,-4.90000009537,57.2000007629,-4.15
13:58:07,-4.90000009537,57.0999984741,-3.15
13:58:13,-4.90000009537,57.0999984741,-4.15
13:58:18,-4.90000009537,57.0,-4.15
13:58:23,-4.90000009537,56.9000015259,-4.15
13:58:29,-4.90000009537,56.7999992371,-3.15
13:58:34,-4.90000009537,56.7999992371,-4.15
13:58:42,-4.90000009537,56.7000007629,-3.15
13:58:48,-4.80000019073,56.7999992371,-3.15
13:58:57,-4.80000019073,56.7999992371,-3.15
13:59:03,-4.80000019073,56.7000007629,-3.15
13:59:09,-4.80000019073,56.7999992371,-4.15
13:59:14,-4.80000019073,56.7999992371,-3.15
13:59:19,-4.80000019073,56.7999992371,-4.15
13:59:25,-4.80000019073,56.7999992371,-4.15
13:59:30,-4.80000019073,56.7999992371,-3.15
13:59:41,-4.90000009537,56.7999992371,-3.15
13:59:48,-4.80000019073,56.7999992371,-3.15
13:59:55,-4.80000019073,56.7999992371,-3.15
14:00:00,-4.80000019073,56.7999992371,-4.15
14:00:07,-4.80000019073,56.7000007629,-3.15
14:00:13,-4.80000019073,56.7000007629,-3.15
14:00:22,-4.80000019073,56.7000007629,-3.15
14:00:28,-4.80000019073,56.5999984741,-3.15
14:00:33,-4.80000019073,56.5999984741,-3.15
14:00:39,-4.80000019073,56.5999984741,-4.15
14:00:44,-4.80000019073,56.5999984741,-4.15
14:00:53,-4.80000019073,56.7000007629,-3.15
14:00:58,-4.80000019073,56.7999992371,-4.15
14:01:03,-4.80000019073,56.7000007629,-4.15
14:01:09,-4.80000019073,56.7000007629,-3.15
14:01:14,-4.80000019073,56.7999992371,-4.15
14:01:21,-4.90000009537,56.7000007629,-3.15
14:01:28,-4.90000009537,56.7000007629,-3.15
14:01:33,-4.90000009537,56.7999992371,-4.15
14:01:39,-4.90000009537,56.7999992371,-4.15
14:01:44,-4.80000019073,56.7999992371,-4.15
14:01:50,-4.90000009537,56.7999992371,-3.15
14:01:55,-4.90000009537,56.7999992371,-4.15
14:02:01,-4.80000019073,56.7999992371,-3.15
14:02:06,-4.80000019073,56.7000007629,-3.15
14:02:14,-4.80000019073,56.7000007629,-3.15
14:02:19,-4.80000019073,56.7000007629,-4.15
14:02:24,-4.90000009537,56.5999984741,-4.15
14:02:35,-4.90000009537,56.7999992371,-3.15
14:02:40,-4.80000019073,56.7999992371,-4.15
14:02:50,-4.90000009537,56.7000007629,-3.15
14:02:57,-4.90000009537,56.7000007629,-3.15
14:03:03,-4.90000009537,56.7000007629,-3.15
14:03:09,-4.90000009537,56.7000007629,-4.15
14:03:16,-4.90000009537,56.7999992371,-3.15
14:03:26,-4.90000009537,56.9000015259,-3.15
14:03:36,-4.90000009537,57.0,-3.15
14:03:45,-4.90000009537,57.0,-4.15
14:03:50,-4.90000009537,56.9000015259,-4.15
14:03:59,-4.90000009537,57.0,-3.15
14:04:04,-4.90000009537,57.0,-3.15
14:04:10,-4.90000009537,57.0,-3.15
14:04:15,-4.90000009537,57.0999984741,-4.15
14:04:20,-4.90000009537,57.0999984741,-4.15
14:04:27,-4.90000009537,57.0999984741,-3.15
14:04:34,-4.90000009537,57.2000007629,-3.15
14:04:41,-4.90000009537,57.2000007629,-3.15
14:04:46,-4.90000009537,57.2000007629,-3.15
14:04:55,-4.90000009537,57.2000007629,-3.15
14:05:00,-4.90000009537,57.2000007629,-3.15
14:05:05,-4.90000009537,57.2000007629,-4.15
14:05:11,-4.90000009537,57.4000015259,-3.15
14:05:16,-4.90000009537,57.4000015259,-3.15
14:05:21,-4.90000009537,57.5,-4.15
14:05:26,-4.90000009537,57.2999992371,-4.15
14:05:32,-4.90000009537,57.5,-4.15
14:05:37,-4.90000009537,57.5,-4.15
14:05:42,-4.90000009537,57.5,-4.15
14:05:47,-4.90000009537,57.5,-3.15
14:05:53,-5.0,57.4000015259,-4.15
14:05:59,-5.0,57.4000015259,-3.15
14:06:04,-5.09999990463,57.2999992371,-4.15
14:06:09,-5.09999990463,57.2999992371,-4.15
14:06:14,-5.09999990463,57.2999992371,-4.15
14:06:20,-5.09999990463,57.7000007629,-3.15
14:06:26,-5.09999990463,57.2999992371,-3.15
14:06:31,-5.0,57.4000015259,-4.15
14:06:36,-5.0,57.4000015259,-4.15
14:06:44,-5.0,57.4000015259,-4.15
14:06:51,-5.0,57.4000015259,-3.15
14:06:56,-5.0,57.4000015259,-4.15
14:07:02,-5.0,57.4000015259,-4.15
14:07:07,-5.0,57.4000015259,-4.15
14:07:12,-5.0,57.4000015259,-4.15
14:07:17,-5.0,57.4000015259,-4.15
14:07:26,-5.0,57.4000015259,-4.15
14:07:32,-5.0,57.4000015259,-3.15
14:07:37,-5.0,57.4000015259,-4.15
14:07:42,-5.0,57.4000015259,-4.15
14:07:51,-5.0,57.4000015259,-4.15
14:07:57,-5.0,57.4000015259,-4.15
14:08:04,-5.0,57.4000015259,-3.15
14:08:09,-5.0,57.4000015259,-4.15
14:08:14,-5.0,57.4000015259,-4.15
14:08:20,-4.90000009537,57.5,-3.15
14:08:30,-5.0,57.4000015259,-4.15
14:08:36,-4.90000009537,57.5,-3.15
14:08:41,-4.90000009537,57.5,-4.15
14:08:47,-4.90000009537,57.5,-3.15
14:08:52,-4.90000009537,57.5,-4.15
14:08:59,-4.90000009537,57.5,-3.15
14:09:04,-4.90000009537,57.5,-4.15
14:09:12,-4.90000009537,57.5,-3.15
14:09:19,-4.90000009537,57.5,-3.15
14:09:25,-4.90000009537,57.5,-4.15
14:09:31,-4.90000009537,57.5,-3.15
14:09:36,-4.90000009537,57.5,-4.15
14:09:41,-4.90000009537,57.5,-4.15
14:09:47,-5.0,57.4000015259,-3.15
14:09:56,-5.0,57.4000015259,-3.15
14:10:01,-4.90000009537,57.5,-3.15
14:10:06,-4.90000009537,57.5,-4.15
14:10:13,-5.0,57.4000015259,-4.15
14:10:18,-5.0,57.4000015259,-4.15
14:10:24,-4.90000009537,57.5,-4.15
14:10:30,-4.90000009537,57.5,-3.15
14:10:36,-4.90000009537,57.5,-3.15
14:10:41,-4.90000009537,57.5,-3.15
14:10:46,-5.0,57.5999984741,-4.15
14:10:53,-5.0,57.7999992371,-3.15
14:10:58,-5.0,57.7999992371,-3.15
14:11:07,-5.0,57.7000007629,-3.15
14:11:12,-5.0,57.7000007629,-4.15
14:11:17,-5.0,57.5999984741,-3.15
14:11:22,-4.90000009537,57.7000007629,-4.15
14:11:28,-4.90000009537,57.7000007629,-3.15
14:11:33,-5.0,57.7000007629,-4.15
14:11:38,-5.0,57.5999984741,-4.15
14:11:44,-5.0,57.7000007629,-4.15
14:11:49,-5.0,57.7000007629,-4.15
14:11:54,-5.0,57.7000007629,-3.15
14:11:59,-5.0,57.7000007629,-4.15
14:12:05,-5.0,57.7000007629,-4.15
14:12:15,-5.0,57.9000015259,-3.15
14:12:20,-5.0,57.9000015259,-3.15
14:12:27,-4.90000009537,58.0,-3.15
14:12:32,-5.0,57.9000015259,-3.15
14:12:40,-5.0,57.9000015259,-3.15
14:12:51,-5.0,57.9000015259,-3.15
14:12:56,-5.0,58.0,-4.15
14:13:06,-5.0,58.0999984741,-3.15
14:13:11,-5.0,58.0,-3.15
14:13:19,-5.0,58.0999984741,-3.15
14:13:25,-5.0,58.0999984741,-3.15
14:13:31,-5.0,58.0999984741,-3.15
14:13:40,-5.0,58.0999984741,-3.15
14:13:46,-5.0,58.2999992371,-3.15
14:13:51,-5.0,58.2999992371,-4.15
14:13:56,-5.09999990463,58.4000015259,-4.15
14:14:02,-5.09999990463,58.5,-3.15
14:14:09,-5.09999990463,58.5,-3.15
14:14:14,-5.09999990463,58.5,-4.15
14:14:19,-5.09999990463,58.5,-4.15
14:14:29,-5.09999990463,58.5,-3.15
14:14:37,-5.0,58.5,-4.15
14:14:43,-5.0,58.5,-3.15
14:14:48,-5.0,58.5,-3.15
14:14:54,-5.0,58.5,-3.15
14:14:59,-5.0,58.5,-4.15
14:15:04,-5.0,58.4000015259,-4.15
14:15:11,-5.0,58.5,-3.15
14:15:16,-5.0,58.5,-4.15
14:15:21,-5.0,58.5,-3.15
14:15:26,-5.0,58.4000015259,-4.15
14:15:35,-5.0,58.2999992371,-3.15
14:15:40,-5.0,58.2999992371,-3.15
14:15:48,-5.0,58.2999992371,-3.15
14:15:53,-5.0,58.2999992371,-4.15
14:16:03,-4.90000009537,58.2999992371,-3.15
14:16:08,-4.90000009537,57.7999992371,-4.15
14:16:13,-4.90000009537,58.2999992371,-4.15
14:16:21,-4.90000009537,58.2999992371,-3.15
14:16:30,-4.90000009537,58.2000007629,-3.15
14:16:37,-4.90000009537,58.2000007629,-3.15
14:16:42,-4.90000009537,58.2000007629,-4.15
14:16:53,-4.90000009537,58.2000007629,-3.15
14:17:00,-4.90000009537,58.2000007629,-3.15
14:17:05,-4.80000019073,58.2000007629,-4.15
14:17:10,4.90000009537,58.0999984741,-4.15
14:17:15,-4.80000019073,58.2999992371,-4.15
14:17:20,-4.90000009537,58.2000007629,-4.15
14:17:26,-4.90000009537,58.2000007629,-4.15
14:17:31,-4.90000009537,58.2000007629,-4.15
14:17:36,-4.90000009537,58.2000007629,-4.15
14:17:41,-4.80000019073,58.2999992371,-4.15
14:17:49,-4.90000009537,58.0999984741,-3.15
14:17:54,-4.90000009537,58.2000007629,-4.15
14:17:59,-4.90000009537,58.0999984741,-4.15
14:18:04,-4.90000009537,58.2000007629,-3.15
14:18:09,-4.90000009537,58.2999992371,-4.15
14:18:14,-4.90000009537,58.2999992371,-4.15
14:18:19,-4.90000009537,58.2999992371,-4.15
14:18:27,-4.90000009537,58.4000015259,-3.15
14:18:32,-4.90000009537,58.5,-4.15
14:18:37,-5.0,58.4000015259,-3.15
14:18:42,-5.0,58.4000015259,-4.15
14:18:47,-4.90000009537,58.4000015259,-4.15
14:18:53,-4.90000009537,58.4000015259,-4.15
14:18:59,-4.90000009537,58.4000015259,-3.15
14:19:04,-4.90000009537,58.4000015259,-4.15
14:19:09,-4.90000009537,58.4000015259,-4.15
14:19:14,-4.90000009537,58.4000015259,-4.15
14:19:19,-4.90000009537,58.2999992371,-4.15
14:19:24,-4.90000009537,58.2999992371,-4.15
14:19:30,-4.90000009537,58.2999992371,-4.15
14:19:35,-4.90000009537,58.4000015259,-3.15
14:19:41,-4.90000009537,58.4000015259,-4.15
14:19:46,-4.90000009537,58.4000015259,-3.15
14:19:51,-4.90000009537,58.4000015259,-4.15
14:19:57,-4.90000009537,58.4000015259,-4.15
14:20:02,-4.90000009537,58.4000015259,-4.15
14:20:07,-4.90000009537,58.4000015259,-4.15
14:20:12,-4.90000009537,58.4000015259,-4.15
14:20:17,-4.90000009537,58.5,-3.15
14:20:22,-4.90000009537,58.5,-4.15
14:20:29,-4.90000009537,58.5999984741,-3.15
14:20:37,-4.90000009537,58.5999984741,-3.15
14:20:42,-4.90000009537,58.5,-3.15
14:20:48,-4.90000009537,58.5,-4.15
14:20:53,-4.80000019073,58.5,-3.15
14:21:02,-4.80000019073,58.5999984741,-3.15
14:21:08,-4.80000019073,58.5,-3.15
14:21:15,-4.80000019073,58.5,-4.15
14:21:23,-4.80000019073,58.4000015259,-3.15
14:21:29,-4.80000019073,58.4000015259,-3.15
14:21:34,-4.80000019073,58.5,-4.15
14:21:39,-4.80000019073,58.5,-3.15
14:21:45,-4.80000019073,58.4000015259,-3.15
14:21:50,-4.80000019073,58.4000015259,-4.15
14:21:55,-4.80000019073,58.4000015259,-4.15
14:22:00,-4.80000019073,58.4000015259,-4.15
14:22:05,-4.80000019073,58.4000015259,-4.15
14:22:11,-4.80000019073,58.4000015259,-3.15
14:22:17,-4.80000019073,58.5,-3.15
14:22:22,-4.80000019073,58.5,-3.15
14:22:29,-4.80000019073,58.5,-3.15
14:22:34,-4.80000019073,58.5,-3.15
14:22:39,-4.80000019073,58.5,-4.15
14:22:44,-4.80000019073,58.5,-4.15
14:22:50,-4.80000019073,58.5999984741,-3.15
14:22:55,-4.80000019073,58.5999984741,-4.15
14:23:00,-4.80000019073,58.5999984741,-4.15
14:23:06,-4.90000009537,58.5999984741,-3.15
14:23:12,-4.90000009537,58.5999984741,-3.15
14:23:19,-4.90000009537,58.5999984741,-3.15
14:23:26,-4.90000009537,58.7000007629,-3.15
14:23:32,-5.0,58.7000007629,-4.15
14:23:42,-5.0,58.7999992371,-3.15
14:23:48,-5.0,58.9000015259,-3.15
14:23:54,-5.0,58.9000015259,-3.15
14:24:00,-4.90000009537,59.0,-3.15
14:24:05,-4.90000009537,59.0,-3.15
14:24:13,-5.0,58.9000015259,-3.15
14:24:20,-4.90000009537,59.0,-3.15
14:24:25,-4.90000009537,59.0,-4.15
14:24:32,-4.90000009537,59.0,-3.15
14:24:42,-4.90000009537,58.9000015259,-3.15
14:24:49,-4.90000009537,58.7999992371,-3.15
14:24:54,-4.90000009537,58.7999992371,-3.15
14:25:01,-4.90000009537,58.7999992371,-3.15
14:25:06,-4.90000009537,58.7999992371,-3.15
14:25:11,-4.90000009537,58.9000015259,-3.15
14:25:17,-4.90000009537,58.9000015259,-4.15
14:25:22,-4.90000009537,58.9000015259,-3.15
14:25:30,-4.90000009537,58.9000015259,-3.15
14:25:36,-4.90000009537,58.7999992371,-3.15
14:25:41,-4.90000009537,58.7999992371,-3.15
14:25:49,-4.90000009537,58.7999992371,-3.15
14:25:54,-4.80000019073,58.9000015259,-4.15
14:26:01,-4.90000009537,58.7999992371,-3.15
14:26:08,-4.90000009537,58.7999992371,-3.15
14:26:15,-4.80000019073,58.9000015259,-3.15
14:26:22,-4.80000019073,58.9000015259,-3.15
14:26:28,-4.80000019073,58.7999992371,-3.15
14:26:34,-4.80000019073,58.9000015259,-3.15
14:26:39,-4.90000009537,58.7999992371,-3.15
14:26:44,-4.90000009537,59.0,-4.15
14:26:49,-4.90000009537,59.0,-3.15
14:26:57,-4.90000009537,59.0,-3.15
14:27:02,-4.90000009537,59.0,-3.15
14:27:08,-4.90000009537,59.0,-4.15
14:27:13,-4.90000009537,59.0,-3.15
14:27:23,-4.80000019073,59.0,-3.15
14:27:29,-4.80000019073,59.0,-3.15
14:27:38,-4.80000019073,59.0,-3.15
14:27:43,-4.80000019073,59.0,-4.15
14:27:49,-4.80000019073,59.0,-3.15
14:27:59,-4.80000019073,58.9000015259,-3.15
14:28:05,-4.80000019073,58.9000015259,-3.15
14:28:10,-4.80000019073,58.7999992371,-4.15
14:28:15,-4.80000019073,58.7999992371,-4.15
14:28:21,-4.80000019073,58.7000007629,-4.15
14:28:28,-4.80000019073,58.7999992371,-3.15
14:28:34,-4.80000019073,58.7999992371,-3.15
14:28:39,-4.80000019073,58.7999992371,-3.15
14:28:44,-4.80000019073,58.9000015259,-3.15
14:28:51,-4.80000019073,59.0,-3.15
14:28:56,-4.80000019073,59.0,-4.15
14:29:01,-4.80000019073,59.0,-4.15
14:29:09,-4.80000019073,59.0,-3.15
14:29:14,-4.80000019073,59.0,-3.15
14:29:19,-4.80000019073,59.0,-3.15
14:29:25,-4.80000019073,59.0,-3.15
14:29:34,-4.80000019073,59.0,-3.15
14:29:39,-4.80000019073,59.0,-3.15
14:29:44,-4.80000019073,58.9000015259,-3.15
14:29:49,-4.80000019073,58.9000015259,-3.15
14:29:55,-4.80000019073,58.9000015259,-3.15
14:30:00,-4.80000019073,58.9000015259,-4.15
14:30:06,-4.80000019073,59.0,-3.15
14:30:13,-4.80000019073,59.0,-3.15
14:30:18,-4.80000019073,59.0,-4.15
14:30:24,-4.80000019073,59.0999984741,-4.15
14:30:29,-4.90000009537,59.0999984741,-4.15
14:30:34,-4.90000009537,59.2000007629,-4.15
14:30:39,-4.90000009537,59.2999992371,-3.15
14:30:45,-5.0,59.2000007629,-3.15
14:30:51,-5.0,59.5,-3.15
14:30:59,-5.0,59.5,-3.15
14:31:04,-5.0,59.5,-3.15
14:31:09,-5.0,59.5,-4.15
14:31:20,-4.90000009537,59.5,-3.15
14:31:25,-4.90000009537,59.5,-3.15
14:31:31,-4.90000009537,59.4000015259,-4.15
14:31:40,-4.90000009537,59.4000015259,-3.15
14:31:45,-4.90000009537,59.4000015259,-4.15
14:31:50,-4.90000009537,59.4000015259,-3.15
14:32:01,-4.90000009537,59.4000015259,-3.15
14:32:08,-4.80000019073,59.4000015259,-3.15
14:32:13,-4.80000019073,59.4000015259,-4.15
14:32:19,-4.80000019073,59.4000015259,-3.15
14:32:24,-4.80000019073,59.2999992371,-3.15
14:32:29,-4.80000019073,59.2999992371,-3.15
14:32:35,-4.80000019073,59.2999992371,-3.15
14:32:40,-4.80000019073,59.2999992371,-3.15
14:32:45,-4.80000019073,59.2000007629,-3.15
14:32:51,-4.80000019073,59.2000007629,-3.15
14:33:01,-4.80000019073,59.0999984741,-3.15
14:33:06,-4.80000019073,59.0999984741,-3.15
14:33:12,-4.80000019073,59.0999984741,-3.15
14:33:19,-4.80000019073,59.0999984741,-3.15
14:33:24,-4.80000019073,59.0999984741,-3.15
14:33:29,-4.80000019073,59.0999984741,-4.15
14:33:36,-4.80000019073,59.0999984741,-3.15
14:33:41,-4.69999980927,59.2000007629,-3.15
14:33:49,-4.69999980927,59.2000007629,-3.15
14:33:54,-4.80000019073,59.0999984741,-3.15
14:33:59,-4.69999980927,59.2000007629,-4.15
14:34:05,-4.80000019073,59.0999984741,-3.15
14:34:12,-4.69999980927,59.2999992371,-3.15
14:34:17,-4.69999980927,59.2999992371,-3.15
14:34:23,-4.69999980927,59.2999992371,-4.15
14:34:29,-4.69999980927,59.0999984741,-3.15
14:34:36,-4.69999980927,59.2000007629,-3.15
14:34:41,-4.69999980927,59.2000007629,-3.15
14:34:47,-4.69999980927,59.2000007629,-3.15
14:34:54,-4.69999980927,59.2000007629,-3.15
14:34:59,-4.69999980927,59.2000007629,-3.15
14:35:06,-4.80000019073,59.0999984741,-3.15
14:35:14,-4.80000019073,59.0999984741,-3.15
14:35:25,-4.69999980927,59.2999992371,-3.15
14:35:30,-4.69999980927,59.2000007629,-4.15
14:35:39,-4.69999980927,59.2999992371,-3.15
14:35:45,-4.69999980927,59.2000007629,-3.15
14:35:52,-4.69999980927,59.2999992371,-3.15
14:35:57,-4.69999980927,59.2999992371,-4.15
14:36:02,-4.69999980927,59.2999992371,-3.15
14:36:08,-4.69999980927,59.2999992371,-3.15
14:36:13,-4.69999980927,59.4000015259,-3.15
14:36:18,-4.69999980927,59.4000015259,-4.15
14:36:24,-4.69999980927,59.4000015259,-3.15
14:36:29,-4.80000019073,59.4000015259,-3.15
14:36:34,-4.80000019073,59.5,-4.15
14:36:39,-4.80000019073,59.5,-3.15
14:36:44,-4.80000019073,59.5,-4.15
14:36:49,-4.80000019073,59.5,-3.15
14:36:56,-4.80000019073,59.5,-3.15
14:37:02,-4.69999980927,59.5999984741,-3.15
14:37:07,-4.80000019073,59.4000015259,-3.15
14:37:12,-4.80000019073,59.4000015259,-3.15
14:37:17,-4.80000019073,59.4000015259,-3.15
14:37:22,-4.80000019073,59.4000015259,-3.15
14:37:28,-4.80000019073,59.4000015259,-3.15
14:37:33,-4.80000019073,59.5,-3.15
14:37:43,-4.69999980927,59.5,-3.15
14:37:49,-4.69999980927,59.4000015259,-3.15
14:37:54,-4.69999980927,59.4000015259,-3.15
14:38:01,-4.69999980927,59.2999992371,-3.15
14:38:06,-4.69999980927,59.4000015259,-3.15
14:38:11,-4.69999980927,59.2999992371,-3.15
14:38:17,-4.69999980927,59.2999992371,-4.15
14:38:22,-4.69999980927,59.4000015259,-4.15
14:38:27,-4.69999980927,59.4000015259,-4.15
14:38:32,-4.69999980927,59.2999992371,-3.15
14:38:37,-4.69999980927,59.2999992371,-4.15
14:38:44,-4.69999980927,59.2999992371,-3.15
14:38:50,-4.69999980927,59.2999992371,-3.15
14:38:59,-4.69999980927,59.2999992371,-3.15
14:39:05,-4.69999980927,59.2000007629,-3.15
14:39:10,-4.69999980927,59.2000007629,-3.15
14:39:17,-4.69999980927,59.2000007629,-3.15
14:39:24,-4.69999980927,59.2000007629,-3.15
14:39:30,-4.69999980927,59.2000007629,-4.15
14:39:35,-4.69999980927,59.2000007629,-3.15
14:39:40,-4.69999980927,59.2000007629,-3.15
14:39:46,-4.69999980927,59.0999984741,-3.15
14:39:51,-4.69999980927,59.0999984741,-3.15
14:39:56,-4.69999980927,59.2000007629,-3.15
14:40:04,-4.69999980927,59.2000007629,-3.15
14:40:09,-4.69999980927,59.2000007629,-3.15
14:40:15,-4.69999980927,59.2000007629,-3.15
14:40:21,-4.69999980927,59.2000007629,-3.15
14:40:26,-4.59999990463,59.2000007629,-3.15
14:40:31,-4.59999990463,59.2000007629,-4.15
14:40:39,-4.69999980927,59.2000007629,-3.15
14:40:46,-4.59999990463,59.2000007629,-3.15
14:40:57,-4.59999990463,59.2000007629,-3.15
14:41:04,-4.59999990463,59.0999984741,-3.15
14:41:11,-4.59999990463,59.0999984741,-3.15
14:41:16,-4.59999990463,59.0,-3.15
14:41:21,-4.59999990463,59.0,-4.15
14:41:26,-4.59999990463,59.0,-4.15
14:41:31,-4.59999990463,59.0,-4.15
14:41:37,-4.59999990463,59.0999984741,-3.15
14:41:42,-4.59999990463,59.0999984741,-3.15
14:41:47,-4.59999990463,59.2000007629,-4.15
14:41:53,-4.59999990463,59.2000007629,-3.15
14:41:58,-4.59999990463,59.2000007629,-3.15
14:42:06,-4.59999990463,59.2000007629,-3.15
14:42:11,-4.59999990463,59.2000007629,-3.15
14:42:17,-4.59999990463,59.2999992371,-3.15
14:42:22,-4.59999990463,59.2000007629,-3.15
14:42:29,-4.59999990463,59.2999992371,-3.15
14:42:34,-4.59999990463,59.2999992371,-4.15
14:42:42,-4.59999990463,59.2000007629,-3.15
14:42:47,-4.59999990463,59.2000007629,-3.15
14:42:54,-4.59999990463,59.2000007629,-3.15
14:43:00,-4.59999990463,59.2000007629,-3.15
14:43:05,-4.59999990463,59.2000007629,-4.15
14:43:15,-4.59999990463,59.2999992371,-3.15
14:43:24,-4.59999990463,59.2000007629,-3.15
14:43:30,-4.59999990463,59.2000007629,-3.15
14:43:35,-4.59999990463,59.2000007629,-3.15
14:43:43,-4.59999990463,59.0999984741,-3.15
14:43:48,-4.59999990463,59.0999984741,-4.15
14:43:54,-4.59999990463,59.0999984741,-3.15
14:43:59,-4.59999990463,59.0999984741,-3.15
14:44:04,-4.5,59.2000007629,-3.15
14:44:11,-4.59999990463,59.0999984741,-3.15
14:44:16,-4.59999990463,59.0999984741,-3.15
14:44:24,-4.59999990463,59.0999984741,-3.15
14:44:29,-4.59999990463,59.0999984741,-3.15
14:44:34,-4.59999990463,59.2000007629,-3.15
14:44:40,-4.59999990463,59.2000007629,-4.15
14:44:46,-4.59999990463,59.2000007629,-3.15
14:44:57,-4.59999990463,59.2000007629,-3.15
14:45:03,-4.59999990463,59.0999984741,-3.15
14:45:09,-4.59999990463,59.2000007629,-4.15
14:45:16,-4.59999990463,59.0999984741,-3.15
14:45:21,-4.59999990463,59.0999984741,-3.15
14:45:28,-4.59999990463,59.0,-3.15
14:45:35,-4.59999990463,59.0999984741,-3.15
14:45:41,-4.59999990463,59.0999984741,-4.15
14:45:46,-4.59999990463,59.0999984741,-4.15
14:45:55,-4.59999990463,59.0999984741,-3.15
14:46:00,-4.59999990463,59.2000007629,-3.15
14:46:06,-4.59999990463,59.0999984741,-3.15
14:46:12,-4.59999990463,59.0999984741,-3.15
14:46:17,-4.5,59.2000007629,-3.15
14:46:22,-4.59999990463,59.2000007629,-3.15
14:46:27,-4.5,59.2000007629,-4.15
14:46:32,-4.5,59.2000007629,-4.15
14:46:41,-4.59999990463,59.2000007629,-3.15
14:46:46,-4.59999990463,59.2000007629,-4.15
14:46:51,-4.59999990463,59.2000007629,-3.15
14:46:57,-4.5,59.2999992371,-3.15
14:47:02,-4.5,59.2999992371,-3.15
14:47:07,-4.59999990463,59.2000007629,-3.15
14:47:12,-4.59999990463,59.2000007629,-3.15
14:47:20,-4.59999990463,59.2000007629,-3.15
14:47:26,-4.59999990463,59.2999992371,-3.15
14:47:31,-4.59999990463,59.2999992371,-4.15
14:47:39,-4.59999990463,59.2999992371,-3.15
14:47:49,-4.59999990463,59.2000007629,-3.15
14:47:55,-4.5,59.2999992371,-3.15
14:48:01,-4.5,59.2999992371,-3.15
14:48:08,-4.5,59.2000007629,-3.15
14:48:14,-4.5,59.2000007629,-3.15
14:48:20,-4.59999990463,59.2000007629,-3.15
14:48:25,-4.59999990463,59.2000007629,-3.15
14:48:33,-4.69999980927,59.4000015259,-3.15
14:48:40,-4.69999980927,59.4000015259,-3.15
14:48:46,-4.69999980927,59.4000015259,-3.15
14:48:51,-4.59999990463,59.5999984741,-3.15
14:48:57,-4.59999990463,59.5999984741,-3.15
14:49:02,-4.59999990463,59.5999984741,-3.15
14:49:13,-4.59999990463,59.5999984741,-3.15
14:49:18,-4.59999990463,59.5,-3.15
14:49:26,-4.59999990463,59.4000015259,-3.15
14:49:35,-4.59999990463,59.4000015259,-3.15
14:49:40,-4.59999990463,59.4000015259,-3.15
14:49:47,-4.59999990463,59.4000015259,-3.15
14:49:58,-4.59999990463,59.4000015259,-3.15
14:50:06,-4.59999990463,59.2999992371,-3.15
14:50:11,-4.5,59.4000015259,-3.15
14:50:16,-4.5,59.4000015259,-3.15
14:50:25,-4.59999990463,59.2999992371,-3.15
14:50:30,-4.5,59.4000015259,-3.15
14:50:40,-4.5,59.4000015259,-3.15
14:50:46,-4.5,59.2999992371,-3.15
14:50:54,-4.5,59.2999992371,-3.15
14:50:59,-4.5,59.4000015259,-3.15
14:51:04,-4.5,59.4000015259,-3.15
14:51:09,-4.5,59.5,-3.15
14:51:14,-4.5,59.4000015259,-3.15
14:51:19,-4.5,59.2999992371,-4.15
14:51:25,-4.5,59.2999992371,-3.15
14:51:30,-4.5,59.2999992371,-3.15
14:51:35,-4.5,59.2999992371,-3.15
14:51:40,-4.5,59.2999992371,-3.15
14:51:46,-4.5,59.2999992371,-3.15
14:51:52,-4.5,59.2999992371,-3.15
14:51:57,-4.5,59.2999992371,-3.15
14:52:02,-4.5,59.2999992371,-3.15
14:52:09,-4.5,59.2999992371,-3.15
14:52:17,-4.5,59.2999992371,-3.15
14:52:24,-4.5,59.2999992371,-3.15
14:52:29,-4.5,59.2999992371,-3.15
14:52:34,-4.5,59.2999992371,-3.15
14:52:39,-4.5,59.2999992371,-3.15
14:52:46,-4.5,59.2000007629,-3.15
14:52:53,-4.5,59.2999992371,-3.15
14:52:59,-4.5,59.2999992371,-3.15
14:53:04,-4.5,59.2999992371,-3.15
14:53:10,-4.5,59.2999992371,-3.15
14:53:16,-4.5,59.2999992371,-3.15
14:53:22,-4.5,59.2999992371,-3.15
14:53:33,-4.40000009537,59.4000015259,-3.15
14:53:38,-4.5,59.2000007629,-3.15
14:53:44,-4.40000009537,59.2000007629,-3.15
14:53:50,-4.40000009537,59.2000007629,-3.15
14:54:00,-4.40000009537,59.2000007629,-3.15
14:54:05,-4.40000009537,59.2000007629,-3.15
14:54:10,-4.40000009537,59.2000007629,-3.15
14:54:16,-4.40000009537,59.2000007629,-3.15
14:54:21,-4.40000009537,59.2000007629,-3.15
14:54:29,-4.40000009537,59.2000007629,-3.15
14:54:35,-4.40000009537,59.2000007629,-3.15
14:54:41,-4.40000009537,59.2000007629,-3.15
14:54:46,-4.40000009537,59.2000007629,-3.15
14:54:51,-4.40000009537,59.2999992371,-3.15
14:54:57,-4.40000009537,59.2999992371,-3.15
14:55:02,-4.40000009537,59.4000015259,-3.15
14:55:07,-4.40000009537,59.4000015259,-3.15
14:55:13,-4.40000009537,59.4000015259,-3.15
14:55:24,-4.40000009537,59.4000015259,-3.15
14:55:33,-4.40000009537,59.2999992371,-3.15
14:55:40,-4.40000009537,59.2000007629,-3.15
14:55:47,-4.40000009537,59.2000007629,-3.15
14:55:52,-4.40000009537,59.2000007629,-4.15
14:56:03,-4.40000009537,59.2000007629,-3.15
14:56:10,-4.40000009537,59.2000007629,-3.15
14:56:16,-4.40000009537,59.2000007629,-3.15
14:56:21,-4.40000009537,59.2000007629,-3.15
14:56:26,-4.40000009537,59.2000007629,-3.15
14:56:37,-4.5,59.2000007629,-3.15
14:56:42,-4.5,59.2999992371,-4.15
14:56:49,-4.40000009537,59.2999992371,-3.15
14:56:55,-4.40000009537,59.2999992371,-3.15
14:57:01,-4.40000009537,59.2999992371,-3.15
14:57:06,-4.40000009537,59.2999992371,-3.15
14:57:12,-4.40000009537,59.2999992371,-3.15
14:57:17,-4.40000009537,59.2999992371,-3.15
14:57:24,-4.40000009537,59.2999992371,-3.15
14:57:29,-4.40000009537,59.4000015259,-3.15
14:57:35,-4.40000009537,59.5,-3.15
14:57:41,-4.5,59.4000015259,-3.15
14:57:46,-4.5,59.4000015259,-3.15
14:57:55,-4.40000009537,59.5,-3.15
14:58:00,-4.5,59.4000015259,-3.15
14:58:05,-4.5,59.4000015259,-3.15
14:58:11,-4.5,59.4000015259,-3.15
14:58:19,-4.40000009537,59.5,-3.15
14:58:24,-4.40000009537,59.4000015259,-3.15
14:58:29,-4.40000009537,59.5,-3.15
14:58:35,-4.40000009537,59.5,-3.15
14:58:40,-4.40000009537,59.4000015259,-4.15
14:58:45,-4.40000009537,59.4000015259,-3.15
14:58:50,-4.5,59.2999992371,-3.15
14:58:55,-4.40000009537,59.5,-3.15
14:59:00,-4.40000009537,59.5,-3.15
14:59:06,-4.5,59.4000015259,-3.15
14:59:12,-4.40000009537,59.5,-3.15
14:59:18,-4.40000009537,59.5,-3.15
14:59:23,-4.40000009537,59.5999984741,-3.15
14:59:29,-4.40000009537,59.5,-3.15
14:59:37,-4.40000009537,59.5,-3.15
14:59:43,-4.40000009537,59.5,-3.15
14:59:49,-4.40000009537,59.4000015259,-4.15
14:59:55,-4.40000009537,59.2999992371,-3.15
15:00:01,-4.40000009537,59.2000007629,-4.15
15:00:06,-4.40000009537,59.2000007629,-4.15
15:00:11,-4.30000019073,59.2000007629,-4.15
15:00:16,-4.30000019073,59.2000007629,-4.15
15:00:22,-4.19999980927,59.4000015259,-4.15
15:00:27,-4.19999980927,59.4000015259,-4.15
15:00:34,-4.19999980927,59.7000007629,-3.15
15:00:44,-4.19999980927,59.7999992371,-3.15
15:00:49,-4.09999990463,59.7999992371,-4.15
15:00:54,-4.09999990463,59.7999992371,-4.15
15:01:00,-4.09999990463,59.7999992371,-4.15
15:01:07,-4.0,59.5,-3.15
15:01:18,-4.0,59.4000015259,-3.15
15:01:26,-3.90000009537,59.2000007629,-3.15
15:01:31,-3.90000009537,59.2000007629,-3.15
15:01:37,-3.79999995232,59.2000007629,-3.15
15:01:43,-3.79999995232,59.0,-3.15
15:01:49,-3.79999995232,58.9000015259,-3.15
15:01:54,-3.79999995232,58.9000015259,-3.15
15:02:00,-3.79999995232,58.7999992371,-3.15
15:02:05,-3.70000004768,58.9000015259,-3.15
15:02:11,-3.70000004768,58.9000015259,-3.15
15:02:18,-3.70000004768,58.7000007629,-3.15
15:02:25,-3.59999990463,58.7000007629,-3.15
15:02:30,-3.59999990463,58.7000007629,-3.15
15:02:36,-3.59999990463,58.7999992371,-3.15
15:02:42,-3.5,58.7999992371,-2.15
15:02:48,-3.5,58.7000007629,-2.15
15:02:54,-3.5,58.7000007629,-3.15
15:03:01,-3.5,58.7000007629,-2.15
15:03:07,-3.40000009537,58.7000007629,-3.15
15:03:12,-3.40000009537,58.7000007629,-3.15
15:03:18,-3.40000009537,58.7999992371,-3.15
15:03:23,-3.29999995232,58.9000015259,-2.15
15:03:28,-3.29999995232,59.0,-3.15
15:03:33,-3.29999995232,59.0,-3.15
15:03:38,-3.29999995232,59.0,-3.15
15:03:43,-3.29999995232,59.0,-2.15
15:03:49,-3.29999995232,59.0,-2.15
15:03:54,-3.20000004768,59.2000007629,-2.15
15:03:59,-3.20000004768,59.2000007629,-3.15
15:04:04,-3.20000004768,59.0999984741,-2.15
15:04:09,-3.20000004768,59.0999984741,-2.15
